0,416
0,415
531,7
531,6
531,5
531,4
531,3
531,2
531,1
531,0
0,407
530,35
10,225
10,193
10,123
10,239
10,99
10,183
10,29
10,313
11,28
11,11
11,9
11,15
9,5
8,8
8,7
8,18
8,9
8,17
529,6
529,5
529,4
529,3
529,2
529,1
529,0
528,3
528,2
528,1
528,0
527,3
527,2
527,1
527,0
20,3
20,2
20,1
19,3
19,2
19,1
12,3
12,2
12,1
11,30
11,27
11,21
11,18
11,16
11,10
11,8
11,5
11,3
11,2
11,1
18,1
10,316
10,250
18,3
10,216
10,178
14,1
10,114
10,96
14,3
13,1
10,16
10,3
13,3
10,2
10,1
9,7
9,6
9,4
9,3
9,2
9,1
8,16
8,15
8,12
8,11
8,6
8,5
8,3
8,2
2,2
2,1
8,1
3,3
3,2
3,1
2,3
0,472
0,386
0,278
0,243
0,9
0,0
530,34
